SCMBranch=FN
SCMRepository=FN Apps/FN API/FN Bridge/CodeGeneration
SCMMainlineUUID={face35e2-e027-461c-a15a-8f61f090c369}
SCMBranchRepositoryID=77082
CodeGeneration.csproj.vspscc;86643138;4294967295;1518642416;|40372|129550
App.config;2060560228;1;1527863490;|40376|155118
Form1.resx;273100466;1;1540322883;|40378|129556
Program.cs;3552002552;1;1499787671;|40377|129555
SPGenerator.cs;3348249382;1;1501882244;|40375|132031
CodeGeneration.csproj;2794801650;1;1540404736;|40373|129551
Form1.cs;3339213092;1;1540404736;|40380|129558
Form1.Designer.cs;2921314288;1;1540404736;|40379|129557
